initial
X	Y
0.0075 1.49687525644e-11
0.0225 1.73833850167e-11
0.0375 2.01784431933e-11
0.0525 2.34123782122e-11
0.0675 2.71523844054e-11
0.0825 3.14756699839e-11
0.0975 3.64709066959e-11
0.1125 4.22398828488e-11
0.1275 4.88993872598e-11
0.1425 5.65833552966e-11
0.1575 6.54453122182e-11
0.1725 7.56611535759e-11
0.1875 8.74323075473e-11
0.2025 1.00989329821e-10
0.2175 1.16595988098e-10
0.2325 1.34553900494e-10
0.2475 1.55207800265e-10
0.2625 1.78951508325e-10
0.2775 2.06234705214e-10
0.2925 2.37570605576e-10
0.3075 2.73544650897e-10
0.3225 3.14824350528e-10
0.3375 3.62170416886e-10
0.3525 4.16449358479e-10
0.3675 4.7864771423e-10
0.3825 5.49888134614e-10
0.3975 6.31447539772e-10
0.4125 7.24777612143e-10
0.4275 8.31527911675e-10
0.4425 9.535719356e-10
0.4575 1.09303648249e-09
0.4725 1.2523347222e-09
0.4875 1.43420341983e-09
0.5025 1.64174481349e-09
0.5175 1.8784737029e-09
0.5325 2.14837036925e-09
0.5475 2.45594001701e-09
0.5625 2.8062795063e-09
0.5775 3.20515223013e-09
0.5925 3.65907208634e-09
0.6075 4.17539759852e-09
0.6225 4.76243735684e-09
0.6375 5.42956807697e-09
0.6525 6.18736671682e-09
0.6675 7.04775824585e-09
0.6825 8.0241808332e-09
0.6975 9.13177040869e-09
0.7125 1.03875667582e-08
0.7275 1.18107435425e-08
0.7425 1.34228648773e-08
0.7575 1.5248171389e-08
0.7725 1.73138989584e-08
0.7875 1.96506336958e-08
0.8025 2.22927070519e-08
0.8175 2.52786353635e-08
0.8325 2.86516085646e-08
0.8475 3.2460033267e-08
0.8625 3.67581359278e-08
0.8775 4.16066323873e-08
0.8925 4.70734706712e-08
0.9075 5.3234654622e-08
0.9225 6.01751566524e-08
0.9375 6.79899287063e-08
0.9525 7.67850213745e-08
0.9675 8.66788220509e-08
0.9825 9.78034240287e-08
0.9975 1.10306139545e-07
1.0125 1.24351170972e-07
1.0275 1.40121455661e-07
1.0425 1.57820701331e-07
1.0575 1.77675630433e-07
1.0725 1.99938453552e-07
1.0875 2.24889593664e-07
1.1025 2.52840685031e-07
1.1175 2.8413787251e-07
1.1325 3.19165439333e-07
1.1475 3.58349793772e-07
1.1625 4.02163847709e-07
1.1775 4.51131822859e-07
1.1925 5.05834523399e-07
1.2075 5.66915116939e-07
1.2225 6.35085469166e-07
1.2375 7.11133081182e-07
1.2525 7.95928682472e-07
1.2675 8.90434536601e-07
1.2825 9.95713521252e-07
1.2975 1.11293904897e-06
1.3125 1.24340590009e-06
1.3275 1.38854204469e-06
1.3425 1.54992153639e-06
1.3575 1.72927856652e-06
1.3725 1.92852277437e-06
1.3875 2.14975591538e-06
1.4025 2.39528999721e-06
1.4175 2.66766700079e-06
1.4325 2.969680312e-06
1.4475 3.30439799839e-06
1.4625 3.67518807404e-06
1.4775 4.08574590597e-06
1.4925 4.54012392513e-06
1.5075 5.04276381597e-06
1.5225 5.59853136986e-06
1.5375 6.21275419921e-06
1.5525 6.89126252171e-06
1.5675 7.64043323685e-06
1.5825 8.46723753066e-06
1.5975 9.3792922583e-06
1.6125 1.03849153692e-05
1.6275 1.14931856546e-05
1.6425 1.27140071129e-05
1.6575 1.40581782455e-05
1.6725 1.55374666119e-05
1.6875 1.71646889911e-05
1.7025 1.89537975139e-05
1.7175 2.09199721506e-05
1.7325 2.30797199565e-05
1.7475 2.54509814974e-05
1.7625 2.80532448994e-05
1.7775 3.09076679847e-05
1.7925 3.40372089794e-05
1.8075 3.74667662971e-05
1.8225 4.12233279281e-05
1.8375 4.53361309803e-05
1.8525 4.98368319456e-05
1.8675 5.4759688282e-05
1.8825 6.0141751928e-05
1.8975 6.60230753848e-05
1.9125 7.24469310249e-05
1.9275 7.94600443051e-05
1.9425 8.71128415862e-05
1.9575 9.54597132755e-05
1.9725 0.000104559293035
1.9875 0.000114474753813
2.0025 0.000125274121464
2.0175 0.000137030606771
2.0325 0.000149822956644
2.0475 0.000163735825341
2.0625 0.000178860166527
2.0775 0.00019529364701
2.0925 0.000213141083004
2.1075 0.00023251489976
2.1225 0.000253535615432
2.1375 0.000276332350002
2.1525 0.000301043360131
2.1675 0.000327816600755
2.1825 0.000356810314259
2.1975 0.000388193648024
2.2125 0.00042214730114
2.2275 0.00045886420103
2.2425 0.000498550210732
2.2575 0.000541424867498
2.2725 0.000587722153384
2.2875 0.000637691298415
2.3025 0.000691597616858
2.3175 0.000749723377101
2.3325 0.00081236870554
2.3475 0.000879852524792
2.3625 0.000952513526514
2.3775 0.00103071117895
2.3925 0.0011148267693
2.4075 0.00120526448078
2.4225 0.00130245250434
2.4375 0.00140684418457
2.4525 0.0015189191995
2.4675 0.00163918477361
2.4825 0.00176817692336
2.4975 0.00190646173439
2.5125 0.00205463666915
2.5275 0.00221333190388
2.5425 0.00238321169335
2.5575 0.00256497576179
2.5725 0.00275936071799
2.5875 0.0029671414927
2.6025 0.00318913279577
2.6175 0.00342619059053
2.6325 0.00367921358267
2.6475 0.00394914472038
2.6625 0.00423697270253
2.6775 0.00454373349114
2.6925 0.00487051182439
2.7075 0.00521844272573
2.7225 0.00558871300492
2.7375 0.00598256274588
2.7525 0.00640128677649
2.7675 0.0068462361149
2.7825 0.0073188193866
2.7975 0.00782050420626
2.8125 0.00835281851808
2.8275 0.00891735188808
2.8425 0.00951575674124
2.8575 0.0101497495366
2.8725 0.0108211118723
2.8875 0.011531691514
2.9025 0.0122834033364
2.9175 0.0130782301728
2.9325 0.0139182235605
2.9475 0.0148055043769
2.9625 0.0157422633542
2.9775 0.0167307614663
2.9925 0.0177733301757
3.0075 0.0188723715344
3.0225 0.0200303581257
3.0375 0.0212498328399
3.0525 0.0225334084731
3.0675 0.0238837671392
3.0825 0.0253036594858
3.0975 0.0267959037044
3.1125 0.0283633843247
3.1275 0.0300090507846
3.1425 0.0317359157655
3.1575 0.0335470532841
3.1725 0.0354455965329
3.1875 0.037434735459
3.2025 0.0395177140753
3.2175 0.041697827494
3.2325 0.0439784186772
3.2475 0.0463628748964
3.2625 0.0488546238954
3.2775 0.0514571297508
3.2925 0.0541738884249
3.3075 0.0570084230077
3.3225 0.0599642786433
3.3375 0.0630450171392
3.3525 0.0662542112565
3.3675 0.0695954386797
3.3825 0.0730722756675
3.3975 0.0766882903846
3.4125 0.0804470359181
3.4275 0.0843520429809
3.4425 0.088406812308
3.4575 0.0926148067504
3.4725 0.096979443075
3.4875 0.101504083478
3.5025 0.106192026822
3.5175 0.111046499608
3.5325 0.116070646698
3.5475 0.12126752179
3.5625 0.126640077682
3.5775 0.132191156323
3.5925 0.137923478671
3.6075 0.143839634396
3.6225 0.149942071421
3.6375 0.156233085348
3.6525 0.162714808775
3.6675 0.169389200546
3.6825 0.176258034943
3.6975 0.183322890858
3.7125 0.190585140977
3.7275 0.19804594099
3.7425 0.205706218883
3.7575 0.213566664319
3.7725 0.221627718156
3.7875 0.229889562136
3.8025 0.238352108771
3.8175 0.247014991466
3.8325 0.255877554925
3.8475 0.264938845851
3.8625 0.274197604011
3.8775 0.283652253668
3.8925 0.293300895446
3.9075 0.303141298648
3.9225 0.313170894068
3.9375 0.323386767338
3.9525 0.333785652835
3.9675 0.344363928203
3.9825 0.355117609502
3.9975 0.366042347032
4.0125 0.377133421862
4.0275 0.388385743094
4.0425 0.399793845892
4.0575 0.411351890309
4.0725 0.423053660926
4.0875 0.434892567352
4.1025 0.446861645579
4.1175 0.458953560234
4.1325 0.471160607746
4.1475 0.483474720423
4.1625 0.495887471486
4.1775 0.508390081043
4.1925 0.520973423024
4.2075 0.533628033082
4.2225 0.546344117462
4.2375 0.559111562838
4.2525 0.571919947111
4.2675 0.584758551165
4.2825 0.597616371574
4.2975 0.610482134242
4.3125 0.62334430896
4.3275 0.63619112486
4.3425 0.649010586755
4.3575 0.661790492315
4.3725 0.674518450076
4.3875 0.68718189823
4.4025 0.69976812417
4.4175 0.712264284747
4.4325 0.724657427203
4.4475 0.736934510726
4.4625 0.749082428589
4.4775 0.761088030814
4.4925 0.77293814732
4.5075 0.784619611484
4.5225 0.796119284074
4.5375 0.807424077482
4.5525 0.818520980201
4.5675 0.829397081487
4.5825 0.840039596135
4.5975 0.850435889299
4.6125 0.86057350131
4.6275 0.870440172394
4.6425 0.880023867252
4.6575 0.88931279941
4.6725 0.898295455285
4.6875 0.906960617887
4.7025 0.915297390109
4.7175 0.923295217506
4.7325 0.930943910527
4.7475 0.938233666117
4.7625 0.945155088631
4.7775 0.951699209998
4.7925 0.957857509067
4.8075 0.963621930091
4.8225 0.968984900279
4.8375 0.973939346369
4.8525 0.978478710171
4.8675 0.982596963031
4.8825 0.986288619172
4.8975 0.989548747869
4.9125 0.992372984426
4.9275 0.99475753991
4.9425 0.996699209626
4.9575 0.998195380288
4.9725 0.999244035885
4.9875 0.999843762206
5.0025 0.99999375002
5.0175 0.99969379689
5.0325 0.998944307636
5.0475 0.997746293419
5.0625 0.99610136947
5.0775 0.994011751461
5.0925 0.99148025053
5.1075 0.988510266982
5.1225 0.985105782673
5.1375 0.98127135212
5.1525 0.977012092345
5.1675 0.972333671494
5.1825 0.967242296273
5.1975 0.961744698223
5.2125 0.955848118896
5.2275 0.949560293958
5.2425 0.942889436289
5.2575 0.935844218109
5.2725 0.928433752207
5.2875 0.920667572309
5.3025 0.912555612662
5.3175 0.904108186878
5.3325 0.895335966125
5.3475 0.886249956694
5.3625 0.876861477048
5.3775 0.867182134387
5.3925 0.857223800816
5.4075 0.846998589179
5.4225 0.836518828618
5.4375 0.82579703995
5.4525 0.814845910898
5.4675 0.80367827127
5.4825 0.792307068148
5.4975 0.780745341137
5.5125 0.769006197762
5.5275 0.757102789065
5.5425 0.745048285464
5.5575 0.732855852936
5.5725 0.720538629593
5.5875 0.708109702682
5.6025 0.695582086097
5.6175 0.682968698425
5.6325 0.670282341593
5.6475 0.65753568016
5.6625 0.644741221286
5.6775 0.631911295442
5.6925 0.619058037869
5.7075 0.60619337085
5.7225 0.593328986805
5.7375 0.580476332246
5.7525 0.567646592618
5.7675 0.554850678047
5.7825 0.542099210007
5.7975 0.529402508933
5.8125 0.51677058278
5.8275 0.504213116545
5.8425 0.491739462753
5.8575 0.479358632912
5.8725 0.467079289934
5.8875 0.454909741518
5.9025 0.442857934493
5.9175 0.430931450109
5.9325 0.419137500252
5.9475 0.407482924601
5.9625 0.395974188661
5.9775 0.384617382708
5.9925 0.373418221571
6.0075 0.362382045269
6.0225 0.351513820454
6.0375 0.340818142639
6.0525 0.330299239183
6.0675 0.319960973
6.0825 0.309806846965
6.0975 0.299840008975
6.1125 0.290063257639
6.1275 0.28047904856
6.1425 0.271089501172
6.1575 0.261896406094
6.1725 0.252901232968
6.1875 0.244105138746
6.2025 0.235508976377
6.2175 0.227113303878
6.2325 0.218918393726
6.2475 0.210924242555
6.2625 0.203130581118
6.2775 0.195536884467
6.2925 0.188142382326
6.3075 0.180946069623
6.3225 0.173946717139
6.3375 0.167142882255
6.3525 0.160532919745
6.3675 0.154114992603
6.3825 0.147887082869
6.3975 0.141847002419
6.4125 0.135992403694
6.4275 0.130320790353
6.4425 0.124829527809
6.4575 0.119515853636
6.4725 0.114376887819
6.4875 0.109409642831
6.5025 0.104611033513
6.5175 0.0999778867447
6.5325 0.0955069508858
6.5475 0.0911949049718
6.5625 0.0870383676562
6.5775 0.0830339058819
6.5925 0.0791780432729
6.6075 0.0754672682381
6.6225 0.0718980417766
6.6375 0.0684668049801
6.6525 0.0651699862255
6.6675 0.0620040080536
6.6825 0.0589652937314
6.6975 0.0560502734946
6.7125 0.0532553904717
6.7275 0.0505771062867
6.7425 0.048011906344
6.7575 0.0455563047966
6.7725 0.0432068492001
6.7875 0.0409601248565
6.8025 0.0388127588526
6.8175 0.0367614237973
6.8325 0.0348028412646
6.8475 0.0329337849478
6.8625 0.0311510835326
6.8775 0.0294516232959
6.8925 0.0278323504386
6.9075 0.0262902731608
6.9225 0.0248224634875
6.9375 0.023426058854
6.9525 0.0220982634604
6.9675 0.0208363494039
6.9825 0.0196376575994
6.9975 0.018499598497
7.0125 0.0174196526061
7.0275 0.0163953708375
7.0425 0.0154243746707
7.0575 0.0145043561578
7.0725 0.0136330777735
7.0875 0.0128083721199
7.1025 0.0120281414965
7.1175 0.0112903573434
7.1325 0.0105930595685
7.1475 0.00993435576573
7.1625 0.00931242033448
7.1775 0.00872549350775
7.1925 0.00817188029764
7.2075 0.00764994936592
7.2225 0.00715813182751
7.2375 0.00669491999415
7.2525 0.00625886606534
7.2675 0.00584858077345
7.2825 0.00546273198944
7.2975 0.00510004329537
7.3125 0.0047592925297
7.3275 0.00443931031084
7.3425 0.00413897854437
7.3575 0.0038572289188
7.3725 0.00359304139466
7.3875 0.00334544269121
7.4025 0.00311350477503
7.4175 0.00289634335406
7.4325 0.00269311638092
7.4475 0.00250302256848
7.4625 0.00232529992096
7.4775 0.00215922428306
7.4925 0.00200410790981
7.5075 0.00185929805922
7.5225 0.00172417560996
7.5375 0.00159815370565
7.5525 0.00148067642752
7.5675 0.00137121749679
7.5825 0.00126927900794
7.5975 0.00117439019392
7.6125 0.00108610622411
7.6275 0.00100400703577
7.6425 0.000927696199504
7.6575 0.00085679981907
7.6725 0.000790965465849
7.6875 0.000729861148097
7.7025 0.00067317431498
7.7175 0.000620610895318
7.7325 0.000571894370841
7.7475 0.000526764883679
7.7625 0.00048497837774
7.7775 0.000446305773521
7.7925 0.00041053217587
7.8075 0.000377456114128
7.8225 0.000346888814039
7.8375 0.000318653500773
7.8525 0.000292584732348
7.8675 0.000268527762728
7.8825 0.00024633793382
7.8975 0.000225880095583
7.9125 0.000207028053443
7.9275 0.000189664042173
7.9425 0.000173678225415
7.9575 0.00015896821999
7.9725 0.000145438644147
7.9875 0.000133000688908
8.0025 0.000121571711644
8.0175 0.000111074851064
8.0325 0.000101438662753
8.0475 9.25967744567e-05
8.0625 8.4487560285e-05
8.0775 7.70538330399e-05
8.0925 7.02425538771e-05
8.1075 6.4004558537e-05
8.1225 5.82942993904e-05
8.1375 5.30696025669e-05
8.1525 4.82914394536e-05
8.1675 4.39237118696e-05
8.1825 3.9933050245e-05
8.1975 3.62886241539e-05
8.2125 3.29619645709e-05
8.2275 2.99267972453e-05
8.2425 2.71588866061e-05
8.2575 2.46358896344e-05
8.2725 2.23372191631e-05
8.2875 2.02439160809e-05
8.3025 1.83385299454e-05
8.3175 1.66050075243e-05
8.3325 1.50285888124e-05
8.3475 1.35957100838e-05
8.3625 1.22939135671e-05
8.3775 1.11117633448e-05
8.3925 1.00387671005e-05
8.4075 9.06530335404e-06
8.4225 8.1825538457e-06
8.4375 7.38244074333e-06
8.4525 6.65756836794e-06
8.4675 6.00116914631e-06
8.4825 5.4070535164e-06
8.4975 4.8695635257e-06
8.5125 4.38352987768e-06
8.5275 3.94423219494e-06
8.5425 3.54736228132e-06
8.5575 3.18899017769e-06
8.5725 2.86553281863e-06
8.5875 2.57372510837e-06
8.6025 2.31059324589e-06
8.6175 2.07343013928e-06
8.6325 1.85977275953e-06
8.6475 1.66738129349e-06
8.6625 1.49421996474e-06
8.6775 1.33843939943e-06
8.6925 1.19836042252e-06
8.7075 1.07245917729e-06
8.7225 9.59353468193e-07
8.7375 8.57790233886e-07
8.7525 7.66634063861e-07
8.7675 6.84856677844e-07
8.7825 6.11527292966e-07
8.7975 5.45803808973e-07
8.8125 4.86924746717e-07
8.8275 4.34201879874e-07
8.8425 3.87013504181e-07
8.8575 3.44798292609e-07
8.8725 3.07049688704e-07
8.8875 2.73310793927e-07
8.9025 2.4316970813e-07
8.9175 2.1625528546e-07
8.9325 1.92233270856e-07
8.9475 1.70802785018e-07
8.9625 1.51693128235e-07
8.9775 1.34660875808e-07
8.9925 1.19487239942e-07
9.0075 1.05975675032e-07
9.0225 9.39497050996e-08
9.0375 8.32509538911e-08
9.0525 7.37373597232e-08
9.0675 6.52815586629e-08
9.0825 5.7769420983e-08
9.0975 5.10987271014e-08
9.1125 4.5177970375e-08
9.1275 3.99252751978e-08
9.1425 3.52674198364e-08
9.1575 3.11389543532e-08
9.1725 2.74814048023e-08
9.1875 2.42425556548e-08
9.2025 2.13758031192e-08
9.2175 1.88395726722e-08
9.2325 1.65967947098e-08
9.2475 1.46144327792e-08
9.2625 1.28630593481e-08
9.2775 1.13164745295e-08
9.2925 9.9513635994e-09
9.3075 8.74698952555e-09
9.3225 7.68491707896e-09
9.3375 6.74876541684e-09
9.3525 5.92398631878e-09
9.3675 5.19766552324e-09
9.3825 4.55834485365e-09
9.3975 3.99586304408e-09
9.4125 3.50121337486e-09
9.4275 3.06641641099e-09
9.4425 2.68440630202e-09
9.4575 2.34892925217e-09
9.4725 2.05445290648e-09
9.4875 1.79608552229e-09
9.5025 1.56950390751e-09
9.5175 1.37088920898e-09
9.5325 1.19686972605e-09
9.5475 1.04447000754e-09
9.5625 9.11065565816e-10
9.5775 7.94342609213e-10
9.5925 6.92262255618e-10
9.6075 6.03028745214e-10
9.6225 5.25061220321e-10
9.6375 4.56968685164e-10
9.6525 3.97527798876e-10
9.6675 3.45663191478e-10
9.6825 3.0043002529e-10
9.6975 2.609985537e-10
9.7125 2.26640455639e-10
9.7275 1.96716747856e-10
9.7425 1.70667098378e-10
9.7575 1.48000383641e-10
9.7725 1.28286348876e-10
9.7875 1.1114824668e-10
9.8025 9.62563423872e-11
9.8175 8.332218714e-11
9.8325 7.20935705268e-11
9.8475 6.23500744336e-11
9.8625 5.38991585205e-11
9.8775 4.65727155262e-11
9.8925 4.02240415724e-11
9.9075 3.47251728368e-11
9.9225 2.99645454949e-11
9.9375 2.58449407447e-11
9.9525 2.22816811088e-11
9.9675 1.9201048097e-11
9.9825 1.65388947735e-11
9.9975 1.4239429841e-11
10.0125 1.22541525832e-11
10.0275 1.05409204227e-11
10.0425 9.06313299919e-12
10.0575 7.78901856893e-12
10.0725 6.69101021133e-12
10.0875 5.74520081785e-12
10.1025 4.93086715417e-12
10.1175 4.23005445259e-12
10.1325 3.62721401973e-12
10.1475 3.1088872537e-12
10.1625 2.66343026663e-12
10.1775 2.28077401571e-12
10.1925 1.95221546963e-12
10.2075 1.67023588662e-12
10.2225 1.428342764e-12
10.2375 1.22093244492e-12
10.2525 1.04317074255e-12
10.2675 8.9088927112e-13
10.2825 7.60495462271e-13
10.2975 6.48894499482e-13
10.3125 5.53421625943e-13
10.3275 4.7178347688e-13
10.3425 4.02007258695e-13
10.3575 3.42396747436e-13
10.3725 2.91494210611e-13
10.3875 2.48047471432e-13
10.4025 2.10981435229e-13
10.4175 1.79373485794e-13
10.4325 1.52432236262e-13
10.4475 1.29479186331e-13
10.4625 1.09932896179e-13
10.4775 9.32953385739e-14
10.4925 7.91401352467e-14
10.5075 6.71024224163e-14
10.5225 5.6870124181e-14
10.5375 4.81764419287e-14
10.5525 4.07933935258e-14
10.5675 3.45262583078e-14
10.5825 2.92088032473e-14
10.5975 2.46991824751e-14
10.6125 2.08764169215e-14
10.6275 1.76373734996e-14
10.6425 1.48941742254e-14
10.6575 1.25719751826e-14
10.6725 1.06070634766e-14
10.6875 8.9452274559e-15
10.7025 7.54036164887e-15
10.7175 6.35327320156e-15
10.7325 5.35066121527e-15
10.7475 4.50424436698e-15
10.7625 3.79001563688e-15
10.7775 3.18760593649e-15
10.7925 2.67974099156e-15
10.8075 2.25177804173e-15
10.8225 1.89131082129e-15
10.8375 1.58783292274e-15
10.8525 1.33245105531e-15
10.8675 1.11764092274e-15
10.8825 9.37039487562e-16
10.8975 7.85268285131e-16
10.9125 6.57783219827e-16
10.9275 5.50746936853e-16
10.9425 4.60920429461e-16
10.9575 3.8557102755e-16
10.9725 3.22394330085e-16
10.9875 2.69448000557e-16
11.0025 2.25095650205e-16
11.0175 1.87959295087e-16
11.0325 1.56879096688e-16
11.0475 1.30879286842e-16
11.0625 1.09139341029e-16
11.0775 9.0969603559e-17
11.0925 7.57906871205e-17
11.1075 6.31160707354e-17
11.1225 5.25374066705e-17
11.1375 4.37121206429e-17
11.1525 3.63529524637e-17
11.1675 3.02191377465e-17
11.1825 2.51089768065e-17
11.1975 2.08535755738e-17
11.2125 1.73115762287e-17
11.2275 1.43647232101e-17
11.2425 1.19141339699e-17
11.2575 9.87716397899e-18
11.2725 8.18477256714e-18
11.2875 6.7793106578e-18
11.3025 5.61266372364e-18
11.3175 4.64469367991e-18
11.3325 3.84193222598e-18
11.3475 3.17648558561e-18
11.3625 2.62511688821e-18
11.3775 2.16847775044e-18
11.3925 1.79046510965e-18
11.4075 1.47768315279e-18
11.4225 1.21899338498e-18
11.4375 1.00513858135e-18
11.4525 8.28428641061e-19
11.4675 6.8247828034e-19
11.4825 5.61988115501e-19
11.4975 4.62562046651e-19
11.5125 3.80554995955e-19
11.5275 3.12946016017e-19
11.5425 2.57232592008e-19
11.5575 2.11342640047e-19
11.5725 1.73561274273e-19
11.5875 1.42469893382e-19
11.6025 1.16895538526e-19
11.6175 9.58688108154e-20
11.6325 7.85889184516e-20
11.6475 6.43946595143e-20
11.6625 5.27403439688e-20
11.6775 4.31758237369e-20
11.6925 3.53299378724e-20
11.7075 2.88967953919e-20
11.7225 2.36244148041e-20
11.7375 1.93053199475e-20
11.7525 1.57687589798e-20
11.7675 1.28742694459e-20
11.7825 1.05063591048e-20
11.7975 8.57011115589e-21
11.8125 6.98755495267e-21
11.8275 5.69467030308e-21
11.8425 4.63891592865e-21
11.8575 3.77719134444e-21
11.8725 3.07415695556e-21
11.8875 2.50085007199e-21
11.9025 2.03354525912e-21
11.9175 1.65281633552e-21
11.9325 1.34276470732e-21
11.9475 1.09038484515e-21
11.9625 8.85042779145e-22
11.9775 7.1804768598e-22
11.9925 5.82300118215e-22
12.0075 4.72003302252e-22
12.0225 3.82426310285e-22
12.0375 3.09709878001e-22
12.0525 2.50707264562e-22
12.0675 2.02853893176e-22
12.0825 1.64060618062e-22
12.0975 1.32626377308e-22
12.1125 1.07166744561e-22
12.1275 8.65555134309e-23
12.1425 6.98769600479e-23
12.1575 5.63868503703e-23
12.1725 4.54806054781e-23
12.1875 3.66673231794e-23
12.2025 2.95485886668e-23
12.2175 2.38011995783e-23
12.2325 1.91630890194e-23
12.2475 1.54218599758e-23
12.2625 1.24054511125e-23
12.2775 9.97454135088e-24
12.2925 8.01637225176e-24
12.3075 6.43972593064e-24
12.3225 5.17084429548e-24
12.3375 4.15011473919e-24
12.3525 3.32937960509e-24
12.3675 2.66975306164e-24
12.3825 2.13985053226e-24
12.3975 1.71435339755e-24
12.4125 1.37284603365e-24
12.4275 1.098873959e-24
12.4425 8.7918141193e-25
12.4575 7.03094467774e-25
12.4725 5.62022149388e-25
12.4875 4.49053152666e-25
12.5025 3.58630015957e-25
12.5175 2.86285985596e-25
12.5325 2.28432613979e-25
12.5475 1.8218838986e-25
12.5625 1.45240539465e-25
12.5775 1.15733630389e-25
12.5925 9.21798224197e-26
12.6075 7.33865928957e-26
12.6225 5.83985616844e-26
12.6375 4.64506872597e-26
12.6525 3.69306289962e-26
12.6675 2.93484948111e-26
12.6825 2.33125364476e-26
12.6975 1.85096322887e-26
12.7125 1.46896220408e-26
12.7275 1.16527390136e-26
12.7425 9.23953223856e-27
12.7575 7.32278895975e-27
12.7725 5.80106348855e-27
12.7875 4.59349540701e-27
12.8025 3.63566217502e-27
12.8175 2.876261213e-27
12.8325 2.27445681405e-27
12.8475 1.79775966804e-27
12.8625 1.42033287171e-27
12.8775 1.12163928309e-27
12.8925 8.85361945904e-28
12.9075 6.9854286206e-28
12.9225 5.50896273363e-28
12.9375 4.34261349142e-28
12.9525 3.42166184907e-28
12.9675 2.69480636978e-28
12.9825 2.12140022433e-28
12.9975 1.66925322178e-28
13.0125 1.31288414404e-28
13.0275 1.03213178116e-28
13.0425 8.11051563965e-29
13.0575 6.37039480727e-29
13.0725 5.00136785904e-29
13.0875 3.92478450612e-29
13.1025 3.07855843497e-29
13.1175 2.41370146496e-29
13.1325 1.89157808602e-29
13.1475 1.48173166367e-29
13.1625 1.16016408399e-29
13.1775 9.07974891612e-30
13.1925 7.10285303907e-30
13.2075 5.55387865163e-30
13.2225 4.34074737636e-30
13.2375 3.39107350641e-30
13.2525 2.64797855591e-30
13.2675 2.0667897123e-30
13.2825 1.61243674308e-30
13.2975 1.25740055685e-30
13.3125 9.80097267023e-31
13.3275 7.63605900323e-31
13.3425 5.94667139029e-31
13.3575 4.62895727807e-31
13.3725 3.60161239545e-31
13.3875 2.80101438748e-31
13.4025 2.17740027947e-31
13.4175 1.69186527416e-31
13.4325 1.31400750658e-31
13.4475 1.02008058881e-31
13.4625 7.91545142492e-32
13.4775 6.13933681543e-32
13.4925 4.75961472961e-32
13.5075 3.68830397791e-32
13.5225 2.8568417339e-32
13.5375 2.21182225558e-32
13.5525 1.71166524786e-32
13.5675 1.32401227128e-32
13.5825 1.02369304999e-32
13.5975 7.91137675266e-33
13.6125 6.11137518347e-33
13.6275 4.71878720649e-33
13.6425 3.64188650794e-33
13.6575 2.80948675951e-33
13.6725 2.16636753689e-33
13.6875 1.66971310591e-33
13.7025 1.28634108341e-33
13.7175 9.90546784051e-34
13.7325 7.62427252815e-34
13.7475 5.86578848314e-34
13.7625 4.51085589106e-34
13.7775 3.46733716514e-34
13.7925 2.66402173598e-34
13.8075 2.04589820231e-34
13.8225 1.5704888052e-34
13.8375 1.20500885058e-34
13.8525 9.24166445073e-35
13.8675 7.0845900146e-35
13.8825 5.42854968241e-35
13.8975 4.15774144429e-35
13.9125 3.18299317722e-35
13.9275 2.43567032175e-35
13.9425 1.86297003048e-35
13.9575 1.42428795024e-35
13.9725 1.08841445064e-35
13.9875 8.31371946506e-36
14.0025 6.34747501114e-36
14.0175 4.84407882267e-36
14.0325 3.69509807911e-36
14.0475 2.81737921877e-36
14.0625 2.14718374574e-36
14.0775 1.6356775101e-36
14.0925 1.24546268795e-36
14.1075 9.47912669061e-37
14.1225 7.21124916487e-37
14.1375 5.48349236457e-37
14.1525 4.16781613827e-37
14.1675 3.16639016807e-37
14.1825 2.40450050265e-37
14.1975 1.82511352537e-37
14.2125 1.38471202077e-37
14.2275 1.05010713341e-37
14.2425 7.95998633999e-38
14.2575 6.03108714439e-38
14.2725 4.56755149659e-38
14.2875 3.45760891026e-38
14.3025 2.61621151262e-38
14.3175 1.97867471308e-38
14.3325 1.49582408706e-38
14.3475 1.13029344378e-38
14.3625 8.53702320991e-39
14.3775 6.44504988692e-39
14.3925 4.86351961668e-39
14.4075 3.66842486107e-39
14.4225 2.76575146816e-39
14.4375 2.08425687482e-39
14.4525 1.56997920927e-39
14.4675 1.18206437085e-39
14.4825 8.89596203421e-40
14.4975 6.69189752376e-40
14.5125 5.03164752258e-40
14.5275 3.78160101825e-40
14.5425 2.84083342822e-40
14.5575 2.13314511351e-40
14.5725 1.60103047652e-40
14.5875 1.20111161011e-40
14.6025 9.00682445487e-41
14.6175 6.75094545684e-41
14.6325 5.05780483835e-41
14.6475 3.78759996072e-41
14.6625 2.83511517585e-41
14.6775 2.12120126524e-41
14.6925 1.58634489661e-41
14.7075 1.18581768096e-41
14.7225 8.86018509737e-42
14.7375 6.61716913745e-42
14.7525 4.93976448889e-42
14.7675 3.68591078699e-42
14.7825 2.74908369889e-42
14.7975 2.04944219423e-42
14.8125 1.52717199495e-42
14.8275 1.13748269183e-42
14.8425 8.46849450729e-43
14.8575 6.30190991613e-43
14.8725 4.68751573806e-43
14.8875 3.48512094739e-43
14.9025 2.58998672119e-43
14.9175 1.92389686963e-43
14.9325 1.4284682963e-43
14.9475 1.06014188055e-43
14.9625 7.86433390382e-44
14.9775 5.8312876474e-44
14.9925 4.32186854255e-44

