final
X	Y
0.0075 8.18550071186e-10
0.0225 8.20964703638e-10
0.0375 8.37358013422e-10
0.0525 8.6793827906e-10
0.0675 9.13124784977e-10
0.0825 9.7355330726e-10
0.0975 1.05008441994e-09
0.1125 1.14381471577e-09
0.1275 1.25609106817e-09
0.1425 1.38852809487e-09
0.1575 1.54302901907e-09
0.1725 1.72181016132e-09
0.1875 1.92742933416e-09
0.2025 2.162818454e-09
0.2175 2.43132072861e-09
0.2325 2.73673282723e-09
0.2475 3.08335249114e-09
0.2625 3.47603209862e-09
0.2775 3.92023875811e-09
0.2925 4.42212156856e-09
0.3075 4.98858675684e-09
0.3225 5.62738147847e-09
0.3375 6.3471871518e-09
0.3525 7.15772328643e-09
0.3675 8.06986286533e-09
0.3825 9.09576044789e-09
0.3975 1.0248994278e-08
0.4125 1.15447238087e-08
0.4275 1.2999864194e-08
0.4425 1.46332794481e-08
0.4575 1.64659961381e-08
0.4725 1.85214396536e-08
0.4875 2.08256952894e-08
0.5025 2.34077965916e-08
0.5175 2.63000436419e-08
0.5325 2.95383542065e-08
0.5475 3.31626509423e-08
0.5625 3.72172881492e-08
0.5775 4.17515218682e-08
0.5925 4.68200274724e-08
0.6075 5.24834692646e-08
0.6225 5.88091269999e-08
0.6375 6.58715846816e-08
0.6525 7.37534874482e-08
0.6675 8.25463728745e-08
0.6825 9.23515835538e-08
0.6975 1.03281268416e-07
0.7125 1.15459480871e-07
0.7275 1.29023382541e-07
0.7425 1.44124562085e-07
0.7575 1.6093047941e-07
0.7725 1.79626046387e-07
0.7875 2.00415356131e-07
0.8025 2.23523573844e-07
0.8175 2.4919900329e-07
0.8325 2.77715344064e-07
0.8475 3.09374156037e-07
0.8625 3.44507548609e-07
0.8775 3.83481113783e-07
0.8925 4.26697123529e-07
0.9075 4.7459801344e-07
0.9225 5.27670176352e-07
0.9375 5.86448091359e-07
0.9525 6.51518815492e-07
0.9675 7.23526867363e-07
0.9825 8.03179534128e-07
0.9975 8.9125263539e-07
1.0125 9.88596780008e-07
1.0275 1.09614415426e-06
1.0425 1.21491588244e-06
1.0575 1.34603000384e-06
1.0725 1.49071011273e-06
1.0875 1.65029471141e-06
1.1025 1.82624732923e-06
1.1175 2.02016746416e-06
1.1325 2.2338024069e-06
1.1475 2.46906001112e-06
1.1625 2.72802247757e-06
1.1775 3.01296122335e-06
1.1925 3.32635291234e-06
1.2075 3.67089672656e-06
1.2225 4.04953296305e-06
1.2375 4.46546304535e-06
1.2525 4.92217104317e-06
1.2675 5.42344679909e-06
1.2825 5.97341076546e-06
1.2975 6.57654066031e-06
1.3125 7.23770005557e-06
1.3275 7.96216901634e-06
1.3425 8.75567691492e-06
1.3575 9.62443754833e-06
1.3725 1.05751866931e-05
1.3875 1.1615222236e-05
1.4025 1.27524470241e-05
1.4175 1.39954145815e-05
1.4325 1.53533778463e-05
1.4475 1.68363410816e-05
1.4625 1.84551151218e-05
1.4775 2.0221376116e-05
1.4925 2.21477279325e-05
1.5075 2.42477683923e-05
1.5225 2.65361594979e-05
1.5375 2.90287018244e-05
1.5525 3.17424132402e-05
1.5675 3.46956121203e-05
1.5825 3.7908005213e-05
1.5975 4.14007803145e-05
1.6125 4.51967039013e-05
1.6275 4.9320223859e-05
1.6425 5.37975774374e-05
1.6575 5.86569045504e-05
1.6725 6.3928366519e-05
1.6875 6.96442703459e-05
1.7025 7.5839198582e-05
1.7175 8.25501448283e-05
1.7325 8.9816654885e-05
1.7475 9.76809735352e-05
1.7625 0.000106188196913
1.7775 0.000115386430368
1.7925 0.000125326951713
1.8075 0.000136064379661
1.8225 0.000147656847258
1.8375 0.000160166180031
1.8525 0.000173658078509
1.8675 0.000188202304758
1.8825 0.000203872872451
1.8975 0.000220748239972
1.9125 0.000238911505938
1.9275 0.000258450606506
1.9425 0.000279458513682
1.9575 0.000302033433831
1.9725 0.000326279005471
1.9875 0.000352304495365
2.0025 0.000380224991815
2.0175 0.000410161594031
2.0325 0.000442241596301
2.0475 0.000476598665653
2.0625 0.000513373011615
2.0775 0.000552711546579
2.0925 0.000594768035261
2.1075 0.000639703231623
2.1225 0.000687685001644
2.1375 0.000738888430225
2.1525 0.000793495910526
2.1675 0.000851697213995
2.1825 0.000913689539372
2.1975 0.00097967753893
2.2125 0.00104987332028
2.2275 0.00112449642214
2.2425 0.0012037737624
2.2575 0.00128793955721
2.2725 0.0013772352095
2.2875 0.00147190916591
2.3025 0.00157221674091
2.3175 0.00167841990734
2.3325 0.00179078705258
2.3475 0.00190959269995
2.3625 0.00203511719497
2.3775 0.0021676463567
2.3925 0.00230747109413
2.4075 0.00245488698844
2.4225 0.00261019384177
2.4375 0.00277369519373
2.4525 0.00294569780694
2.4675 0.00312651112343
2.4825 0.00331644669379
2.4975 0.00351581758131
2.5125 0.00372493774378
2.5275 0.00394412139548
2.5425 0.00417368235262
2.5575 0.00441393336522
2.5725 0.00466518543892
2.5875 0.00492774715013
2.6025 0.00520192395837
2.6175 0.00548801751919
2.6325 0.00578632500174
2.6475 0.00609713841452
2.6625 0.00642074394315
2.6775 0.00675742130377
2.6925 0.00710744311569
2.7075 0.00747107429654
2.7225 0.00784857148338
2.7375 0.00824018248255
2.7525 0.00864614575133
2.7675 0.00906668991364
2.7825 0.00950203331232
2.7975 0.00995238359976
2.8125 0.0104179373686
2.8275 0.0108988798238
2.8425 0.0113953844973
2.8575 0.0119076130054
2.8725 0.0124357148498
2.8875 0.0129798272623
2.9025 0.0135400750922
2.9175 0.0141165707366
2.9325 0.0147094141131
2.9475 0.0153186926718
2.9625 0.0159444814481
2.9775 0.0165868431527
2.9925 0.0172458282972
3.0075 0.0179214753553
3.0225 0.0186138109545
3.0375 0.0193228500989
3.0525 0.0200485964192
3.0675 0.0207910424485
3.0825 0.0215501699205
3.0975 0.0223259500892
3.1125 0.0231183440663
3.1275 0.0239273031745
3.1425 0.0247527693149
3.1575 0.0255946753452
3.1725 0.0264529454674
3.1875 0.0273274956221
3.2025 0.0282182338884
3.2175 0.0291250608863
3.2325 0.0300478701806
3.2475 0.0309865486845
3.2625 0.0319409770608
3.2775 0.0329110301199
3.2925 0.033896577213
3.3075 0.0348974826189
3.3225 0.0359136059239
3.3375 0.0369448023938
3.3525 0.0379909233364
3.3675 0.0390518164548
3.3825 0.0401273261894
3.3975 0.0412172940504
3.4125 0.0423215589374
3.4275 0.0434399574482
3.4425 0.0445723241754
3.4575 0.0457184919907
3.4725 0.0468782923166
3.4875 0.0480515553865
3.5025 0.0492381104916
3.5175 0.050437786216
3.5325 0.0516504106594
3.5475 0.052875811648
3.5625 0.0541138169333
3.5775 0.0553642543795
3.5925 0.0566269521396
3.6075 0.0579017388206
3.6225 0.0591884436372
3.6375 0.0604868965566
3.6525 0.0617969284318
3.6675 0.063118371126
3.6825 0.0644510576274
3.6975 0.0657948221554
3.7125 0.0671495002581
3.7275 0.0685149289009
3.7425 0.0698909465485
3.7575 0.0712773932385
3.7725 0.0726741106482
3.7875 0.0740809421548
3.8025 0.0754977328891
3.8175 0.076924329783
3.8325 0.0783605816116
3.8475 0.0798063390294
3.8625 0.0812614546023
3.8775 0.0827257828339
3.8925 0.0841991801878
3.9075 0.0856815051058
3.9225 0.0871726180219
3.9375 0.0886723813726
3.9525 0.0901806596043
3.9675 0.0916973191769
3.9825 0.0932222285649
3.9975 0.0947552582554
4.0125 0.0962962807439
4.0275 0.0978451705277
4.0425 0.0994018040969
4.0575 0.100966059924
4.0725 0.10253781845
4.0875 0.104116962073
4.1025 0.10570337513
4.1175 0.10729694388
4.1325 0.108897556486
4.1475 0.110505102997
4.1625 0.112119475326
4.1775 0.113740567228
4.1925 0.115368274279
4.2075 0.117002493856
4.2225 0.118643125108
4.2375 0.120290068935
4.2525 0.121943227965
4.2675 0.123602506528
4.2825 0.125267810629
4.2975 0.126939047926
4.3125 0.128616127704
4.3275 0.130298960847
4.3425 0.131987459814
4.3575 0.133681538616
4.3725 0.135381112784
4.3875 0.13708609935
4.4025 0.138796416816
4.4175 0.140511985133
4.4325 0.142232725671
4.4475 0.1439585612
4.4625 0.145689415859
4.4775 0.147425215135
4.4925 0.149165885834
4.5075 0.150911356064
4.5225 0.152661555205
4.5375 0.154416413887
4.5525 0.156175863965
4.5675 0.1579398385
4.5825 0.159708271733
4.5975 0.16148109906
4.6125 0.163258257016
4.6275 0.165039683249
4.6425 0.166825316496
4.6575 0.16861509657
4.6725 0.170408964329
4.6875 0.172206861664
4.7025 0.174008731474
4.7175 0.175814517644
4.7325 0.177624165035
4.7475 0.179437619453
4.7625 0.181254827637
4.7775 0.183075737241
4.7925 0.184900296812
4.8075 0.186728455775
4.8225 0.188560164413
4.8375 0.190395373853
4.8525 0.192234036047
4.8675 0.194076103757
4.8825 0.195921530535
4.8975 0.197770270712
4.9125 0.19962227938
4.9275 0.201477512377
4.9425 0.203335926273
4.9575 0.205197478352
4.9725 0.207062126602
4.9875 0.208929829699
5.0025 0.210800546993
5.0175 0.212674238493
5.0325 0.214550864859
5.0475 0.216430387382
5.0625 0.218312767977
5.0775 0.220197969167
5.0925 0.222085954075
5.1075 0.223976686406
5.1225 0.225870130441
5.1375 0.227766251022
5.1525 0.229665013544
5.1675 0.231566383939
5.1825 0.233470328671
5.1975 0.235376814724
5.2125 0.237285809587
5.2275 0.239197281252
5.2425 0.241111198196
5.2575 0.243027529378
5.2725 0.244946244226
5.2875 0.246867312628
5.3025 0.248790704925
5.3175 0.250716391899
5.3325 0.252644344767
5.3475 0.254574535172
5.3625 0.256506935174
5.3775 0.258441517242
5.3925 0.260378254246
5.4075 0.262317119451
5.4225 0.264258086507
5.4375 0.266201129441
5.4525 0.268146222654
5.4675 0.27009334091
5.4825 0.272042459327
5.4975 0.273993553379
5.5125 0.275946598878
5.5275 0.277901571977
5.5425 0.279858449156
5.5575 0.281817207221
5.5725 0.283777823298
5.5875 0.28574027482
5.6025 0.287704539531
5.6175 0.289670595473
5.6325 0.291638420982
5.6475 0.293607994685
5.6625 0.295579295491
5.6775 0.297552302588
5.6925 0.299526995437
5.7075 0.301503353766
5.7225 0.303481357568
5.7375 0.305460987092
5.7525 0.307442222842
5.7675 0.309425045568
5.7825 0.311409436267
5.7975 0.313395376172
5.8125 0.315382846754
5.8275 0.317371829712
5.8425 0.319362306973
5.8575 0.321354260685
5.8725 0.323347673215
5.8875 0.325342527143
5.9025 0.32733880526
5.9175 0.329336490562
5.9325 0.331335566247
5.9475 0.333336015715
5.9625 0.335337822556
5.9775 0.337340970555
5.9925 0.339345443684
6.0075 0.341351226098
6.0225 0.343358302136
6.0375 0.345366656312
6.0525 0.347376273316
6.0675 0.349387138009
6.0825 0.351399235419
6.0975 0.353412550741
6.1125 0.35542706933
6.1275 0.357442776703
6.1425 0.359459658531
6.1575 0.361477700637
6.1725 0.363496888998
6.1875 0.365517209736
6.2025 0.36753864912
6.2175 0.36956119356
6.2325 0.371584829605
6.2475 0.373609543944
6.2625 0.375635323398
6.2775 0.377662154922
6.2925 0.379690025599
6.3075 0.381718922641
6.3225 0.383748833383
6.3375 0.385779745286
6.3525 0.387811645927
6.3675 0.389844523005
6.3825 0.391878364333
6.3975 0.393913157838
6.4125 0.395948891559
6.4275 0.397985553644
6.4425 0.400023132349
6.4575 0.402061616034
6.4725 0.404100993165
6.4875 0.406141252308
6.5025 0.408182382127
6.5175 0.410224371387
6.5325 0.412267208946
6.5475 0.414310883756
6.5625 0.416355384863
6.5775 0.418400701402
6.5925 0.420446822595
6.6075 0.422493737753
6.6225 0.424541436271
6.6375 0.426589907627
6.6525 0.428639141382
6.6675 0.430689127174
6.6825 0.432739854723
6.6975 0.434791313823
6.7125 0.436843494344
6.7275 0.438896386229
6.7425 0.440949979495
6.7575 0.443004264226
6.7725 0.445059230579
6.7875 0.447114868774
6.8025 0.449171169101
6.8175 0.451228121913
6.8325 0.453285717624
6.8475 0.455343946714
6.8625 0.457402799719
6.8775 0.459462267236
6.8925 0.461522339919
6.9075 0.463583008479
6.9225 0.46564426368
6.9375 0.467706096341
6.9525 0.469768497331
6.9675 0.471831457574
6.9825 0.473894968038
6.9975 0.475959019744
7.0125 0.478023603756
7.0275 0.480088711186
7.0425 0.482154333191
7.0575 0.484220460968
7.0725 0.486287085759
7.0875 0.488354198846
7.1025 0.490421791549
7.1175 0.492489855228
7.1325 0.494558381279
7.1475 0.496627361135
7.1625 0.498696786261
7.1775 0.500766648159
7.1925 0.50283693836
7.2075 0.50490764843
7.2225 0.50697876996
7.2375 0.509050294575
7.2525 0.511122213924
7.2675 0.513194519684
7.2825 0.515267203557
7.2975 0.517340257269
7.3125 0.51941367257
7.3275 0.521487441231
7.3425 0.523561555044
7.3575 0.525636005821
7.3725 0.527710785392
7.3875 0.529785885605
7.4025 0.531861298324
7.4175 0.533937015429
7.4325 0.536013028812
7.4475 0.53808933038
7.4625 0.540165912051
7.4775 0.542242765752
7.4925 0.544319883423
7.5075 0.54639725701
7.5225 0.548474878466
7.5375 0.550552739751
7.5525 0.55263083283
7.5675 0.55470914967
7.5825 0.556787682244
7.5975 0.558866422524
7.6125 0.560945362483
7.6275 0.563024494092
7.6425 0.565103809322
7.6575 0.567183300139
7.6725 0.569262958507
7.6875 0.571342776381
7.7025 0.573422745711
7.7175 0.575502858441
7.7325 0.577583106501
7.7475 0.579663481815
7.7625 0.581743976294
7.7775 0.583824581833
7.7925 0.585905290318
7.8075 0.587986093616
7.8225 0.590066983576
7.8375 0.592147952034
7.8525 0.594228990801
7.8675 0.59631009167
7.8825 0.598391246413
7.8975 0.600472446775
7.9125 0.602553684479
7.9275 0.604634951221
7.9425 0.60671623867
7.9575 0.608797538463
7.9725 0.61087884221
7.9875 0.612960141488
8.0025 0.615041427838
8.0175 0.617122692769
8.0325 0.619203927753
8.0475 0.621285124221
8.0625 0.623366273568
8.0775 0.625447367146
8.0925 0.627528396263
8.1075 0.629609352184
8.1225 0.631690226126
8.1375 0.63377100926
8.1525 0.635851692705
8.1675 0.637932267529
8.1825 0.640012724748
8.1975 0.64209305532
8.2125 0.644173250148
8.2275 0.646253300074
8.2425 0.648333195881
8.2575 0.650412928288
8.2725 0.652492487947
8.2875 0.654571865446
8.3025 0.6566510513
8.3175 0.658730035954
8.3325 0.66080880977
8.3475 0.662887362971
8.3625 0.664965685209
8.3775 0.66704376194
8.3925 0.669121542039
8.4075 0.671198628387
8.4225 0.673271090961
8.4375 0.675295946569
8.4525 0.676792929764
8.4675 0.673524979263
8.4825 0.644895323117
8.4975 0.550280961369
8.5125 0.382848330777
8.5275 0.208491559707
8.5425 0.0918741879312
8.5575 0.0354560494927
8.5725 0.0128499125017
8.5875 0.00454584836191
8.6025 0.00159797355691
8.6175 0.000564153578924
8.6325 0.000202824162079
8.6475 7.63820758159e-05
8.6625 3.18373687054e-05
8.6775 1.58540255825e-05
8.6925 9.85445707205e-06
8.7075 7.3681282726e-06
8.7225 6.13970030937e-06
8.7375 5.38127036392e-06
8.7525 4.81589702922e-06
8.7675 4.34468453726e-06
8.7825 3.93090283616e-06
8.7975 3.5596444827e-06
8.8125 3.2237707046e-06
8.8275 2.91900722743e-06
8.8425 2.64222512702e-06
8.8575 2.39083093202e-06
8.8725 2.16254357529e-06
8.8875 1.95530675821e-06
8.9025 1.76724918173e-06
8.9175 1.59666213015e-06
8.9325 1.44198374143e-06
8.9475 1.30178620739e-06
8.9625 1.17476455371e-06
8.9775 1.05972649029e-06
8.9925 9.55583117075e-07
9.0075 8.61340375929e-07
9.0225 7.76091177715e-07
9.0375 6.99008149665e-07
9.0525 6.29336955511e-07
9.0675 5.66390145448e-07
9.0825 5.09541496377e-07
9.0975 4.58220805712e-07
9.1125 4.11909104687e-07
9.1275 3.70134259416e-07
9.1425 3.32466930234e-07
9.1575 2.9851686191e-07
9.1725 2.67929479255e-07
9.1875 2.40382764488e-07
9.2025 2.15584394401e-07
9.2175 1.93269116973e-07
9.2325 1.73196348553e-07
9.2475 1.55147974119e-07
9.2625 1.38926334411e-07
9.2775 1.24352384955e-07
9.2925 1.11264013088e-07
9.3075 9.95145001797e-08
9.3225 8.89711171744e-08
9.3375 7.95138425232e-08
9.3525 7.10341923928e-08
9.3675 6.34341538275e-08
9.3825 5.66252122687e-08
9.3975 5.05274655073e-08
9.4125 4.50688167706e-08
9.4275 4.01842402269e-08
9.4425 3.58151127231e-08
9.4575 3.19086060733e-08
9.4725 2.84171346728e-08
9.4875 2.52978536374e-08
9.5025 2.25122030632e-08
9.5175 2.0025494363e-08
9.5325 1.78065349715e-08
9.5475 1.58272880204e-08
9.5625 1.40625638715e-08
9.5775 1.2489740654e-08
9.5925 1.10885112003e-08
9.6075 9.8406539922e-09
9.6225 8.72982593688e-09
9.6375 7.74137497992e-09
9.6525 6.86217073498e-09
9.6675 6.08045146956e-09
9.6825 5.3856859314e-09
9.6975 4.76844863414e-09
9.7125 4.22030734351e-09
9.7275 3.73372161734e-09
9.7425 3.30195135591e-09
9.7575 2.91897441293e-09
9.7725 2.57941240377e-09
9.7875 2.27846392619e-09
9.8025 2.01184448047e-09
9.8175 1.77573244194e-09
9.8325 1.56672049825e-09
9.8475 1.3817720188e-09
9.8625 1.21818187337e-09
9.8775 1.07354126222e-09
9.8925 9.45706161451e-10
9.9075 8.32769024922e-10
9.9225 7.33033418188e-10
9.9375 6.44991290988e-10
9.9525 5.67302623111e-10
9.9675 4.98777204057e-10
9.9825 4.38358330209e-10
9.9975 3.85108224306e-10
10.0125 3.38195001183e-10
10.0275 2.96881021054e-10
10.0425 2.60512487329e-10
10.0575 2.28510160172e-10
10.0725 2.00361069854e-10
10.0875 1.7561112559e-10
10.1025 1.53858526058e-10
10.1175 1.34747887279e-10
10.1325 1.17965012118e-10
10.1475 1.03232233372e-10
10.1625 9.03042694145e-11
10.1775 7.89645376305e-11
10.1925 6.90218765273e-11
10.2075 6.03076325321e-11
10.2225 5.26730720484e-11
10.2375 4.59870834835e-11
10.2525 4.0134137664e-11
10.2675 3.50124783896e-11
10.2825 3.05325178728e-11
10.2975 2.66154144932e-11
10.3125 2.31918127134e-11
10.3275 2.02007271595e-11
10.3425 1.75885548103e-11
10.3575 1.53082009761e-11
10.3725 1.33183062985e-11
10.3875 1.15825633997e-11
10.4025 1.00691130479e-11
10.4175 8.75001082263e-12
10.4325 7.60075625604e-12
10.4475 6.59987731452e-12
10.4625 5.7285638773e-12
10.4775 4.97034457671e-12
10.4925 4.31080199506e-12
10.5075 3.73732177567e-12
10.5225 3.23887170627e-12
10.5375 2.80580727935e-12
10.5525 2.42970063113e-12
10.5675 2.10319011383e-12
10.5825 1.81984807034e-12
10.5975 1.57406465948e-12
10.6125 1.36094582788e-12
10.6275 1.17622374505e-12
10.6425 1.01617821332e-12
10.6575 8.77567737979e-13
10.6725 7.57569096298e-13
10.6875 6.53724380791e-13
10.7025 5.63894612261e-13
10.7175 4.86219125304e-13
10.7325 4.1908002334e-13
10.7475 3.61071083866e-13
10.7625 3.1097056856e-13
10.7775 2.67717458134e-13
10.7925 2.30390689577e-13
10.8075 1.98191024299e-13
10.8225 1.70425220654e-13
10.8375 1.46492223949e-13
10.8525 1.25871121964e-13
10.8675 1.08110644805e-13
10.8825 9.28200150288e-14
10.8975 7.96609778272e-14
10.9125 6.83408620643e-14
10.9275 5.86065414365e-14
10.9425 5.0239181245e-14
10.9575 4.30496705433e-14
10.9725 3.6874651944e-14
10.9875 3.15730723701e-14
11.0025 2.70231876782e-14
11.0175 2.31199625469e-14
11.0325 1.97728144385e-14
11.0475 1.69036569396e-14
11.0625 1.44452034806e-14
11.0775 1.23394974116e-14
11.0925 1.0536638775e-14
11.1075 8.99368192415e-15
11.1225 7.6736814713e-15
11.1375 6.54486695887e-15
11.1525 5.57992919075e-15
11.1675 4.75540338009e-15
11.1825 4.05113620662e-15
11.1975 3.44982556547e-15
11.2125 2.93662326174e-15
11.2275 2.49879218814e-15
11.2425 2.12541063998e-15
11.2575 1.8071173948e-15
11.2725 1.53589202977e-15
11.2875 1.3048656865e-15
11.3025 1.10815813237e-15
11.3175 9.40737523742e-16
11.3325 7.98299759208e-16
11.3475 6.77164730278e-16
11.3625 5.74187140683e-16
11.3775 4.86679881026e-16
11.3925 4.12348219016e-16
11.4075 3.49233302595e-16
11.4225 2.95663678577e-16
11.4375 2.50213707169e-16
11.4525 2.11667906605e-16
11.4675 1.78990395151e-16
11.4825 1.51298712807e-16
11.4975 1.27841404457e-16
11.5125 1.07978832088e-16
11.5275 9.11667578758e-17
11.5425 7.69423039063e-17
11.5575 6.49119495491e-17
11.5725 5.47412750649e-17
11.5875 4.61462010892e-17
11.6025 3.88855089655e-17
11.6175 3.27544573456e-17
11.6325 2.7579336671e-17
11.6475 2.32128256892e-17
11.6625 1.95300335411e-17
11.6775 1.64251276183e-17
11.6925 1.38084617009e-17
11.7075 1.16041311832e-17
11.7225 9.74789274531e-18
11.7375 8.18539488421e-18
11.7525 6.87067348444e-18
11.7675 5.76487326474e-18
11.7825 4.83516164295e-18
11.7975 4.05380644682e-18
11.8125 3.39739308211e-18
11.8275 2.84616034882e-18
11.8425 2.38343715857e-18
11.8575 1.99516502426e-18
11.8725 1.66949343029e-18
11.8875 1.39643710327e-18
11.9025 1.16758583468e-18
11.9175 9.75858900241e-19
11.9325 8.15297308643e-19
11.9475 6.80888125743e-19
11.9625 5.68415983925e-19
11.9775 4.74337622147e-19
11.9925 3.95675928835e-19
12.0075 3.29930493163e-19
12.0225 2.7500212413e-19
12.0375 2.29129182812e-19
12.0525 1.9083390133e-19
12.0675 1.58877140872e-19
12.0825 1.32220277953e-19
12.0975 1.09993109151e-19
12.1125 9.14668351945e-20
12.1275 7.60313299902e-20
12.1425 6.31760229186e-20
12.1575 5.24738267168e-20
12.1725 4.3567631373e-20
12.1875 3.61589590661e-20
12.2025 2.99984383264e-20
12.2175 2.48778090161e-20
12.2325 2.06232149085e-20
12.2475 1.70895788293e-20
12.2625 1.4155887594e-20
12.2775 1.17212412216e-20
12.2925 9.70154391464e-21
12.3075 8.02673370317e-21
12.3225 6.63846402623e-21
12.3375 5.48816432801e-21
12.3525 4.53541837853e-21
12.3675 3.74660882832e-21
12.3825 3.0937847576e-21
12.3975 2.55371592465e-21
12.4125 2.10710326001e-21
12.4275 1.73792006592e-21
12.4425 1.43286250924e-21
12.4575 1.18089146585e-21
12.4725 9.72850687631e-22
12.4875 8.0114870905e-22
12.5025 6.59493962747e-22
12.5175 5.42674294503e-22
12.5325 4.46373511218e-22
12.5475 3.67018804715e-22
12.5625 3.01653907136e-22
12.5775 2.47833681843e-22
12.5925 2.03536563525e-22
12.6075 1.67091855014e-22
12.6225 1.37119384888e-22
12.6375 1.12479444916e-22
12.6525 9.22312732021e-23
12.6675 7.55986384424e-23
12.6825 6.19413224427e-23
12.6975 5.07314997679e-23
12.7125 4.15341816106e-23
12.7275 3.39910312323e-23
12.7425 2.78069752076e-23
12.7575 2.27391320637e-23
12.7725 1.85876609705e-23
12.7875 1.51882006034e-23
12.8025 1.24056244314e-23
12.8175 1.01288853513e-23
12.8325 8.2667613888e-24
12.8475 6.74434641521e-24
12.8625 5.50015660177e-24
12.8775 4.48374555232e-24
12.8925 3.65373949687e-24
12.9075 2.97621922196e-24
12.9225 2.42338809435e-24
12.9375 1.97247604296e-24
12.9525 1.6048380689e-24
12.9675 1.30521306158e-24
12.9825 1.0611146642e-24
12.9975 8.62330867895e-25
13.0125 7.00513095123e-25
13.0275 5.68838906832e-25
13.0425 4.61735255566e-25
13.0575 3.7465150916e-25
13.0725 3.03873370376e-25
13.0875 2.46370386378e-25
13.1025 1.99671035787e-25
13.1175 1.61760447818e-25
13.1325 1.30996687201e-25
13.1475 1.06042262888e-25
13.1625 8.58081149569e-26
13.1775 6.94078250884e-26
13.1925 5.61201998841e-26
13.2075 4.5358708504e-26
13.2225 3.6646529185e-26
13.2375 2.95961836061e-26
13.2525 2.38929223826e-26
13.2675 1.92811763063e-26
13.2825 1.5553512143e-26
13.2975 1.25416336814e-26
13.3125 1.01090522688e-26
13.3275 8.14511954664e-27
13.3425 6.56017119793e-27
13.3575 5.28157646634e-27
13.3725 4.25052581496e-27
13.3875 3.41941987005e-27
13.4025 2.74974796642e-27
13.4175 2.21036519134e-27
13.4325 1.77609364214e-27
13.4475 1.42658735207e-27
13.4625 1.14541155705e-27
13.4775 9.19296132584e-28
13.4925 7.37530500527e-28
13.5075 5.91473397535e-28
13.5225 4.74155863304e-28
13.5375 3.79959853263e-28
13.5525 3.04358176351e-28
13.5675 2.43704141824e-28
13.5825 1.95061482779e-28
13.5975 1.56066900487e-28
13.6125 1.24819017993e-28
13.6275 9.97887054822e-29
13.6425 7.974669368e-29
13.6575 6.370516614e-29
13.6725 5.08706500572e-29
13.6875 4.0606035429e-29
13.7025 3.23999662074e-29
13.7175 2.58421825762e-29
13.7325 2.06036653758e-29
13.7475 1.64206539375e-29
13.7625 1.30817869321e-29
13.7775 1.04177601742e-29
13.7925 8.29301211115e-30
13.8075 6.59904216146e-30
13.8225 5.24904341398e-30
13.8375 4.17359288782e-30
13.8525 3.31719237718e-30
13.8675 2.63549313313e-30
13.8825 2.09307009852e-30
13.8975 1.66163760034e-30
13.9125 1.31861952116e-30
13.9275 1.04600399152e-30
13.9425 8.29426358663e-31
13.9575 6.57435230191e-31
13.9725 5.20905282132e-31
13.9875 4.12567674077e-31
14.0025 3.26634668429e-31
14.0175 2.58499676864e-31
14.0325 2.0449767512e-31
14.0475 1.61713913943e-31
14.0625 1.27831252384e-31
14.0775 1.01008364711e-31
14.0925 7.97826167244e-32
14.1075 6.29926460117e-32
14.1225 4.97166736712e-32
14.1375 3.92233708201e-32
14.1525 3.09327405681e-32
14.1675 2.43849864867e-32
14.1825 1.92157470418e-32
14.1975 1.51364022068e-32
14.2125 1.19184197686e-32
14.2275 9.38091769718e-33
14.2425 7.38078583286e-33
14.2575 5.80484342591e-33
14.2725 4.56361547075e-33
14.2875 3.58639568865e-33
14.3025 2.81733174677e-33
14.3175 2.2123223082e-33
14.3325 1.73655855276e-33
14.3475 1.36257710111e-33
14.3625 1.06871858529e-33
14.3775 8.37907847405e-34
14.3925 6.56689046956e-34
14.4075 5.14462715208e-34
14.4225 4.02882733766e-34
14.4375 3.15379907395e-34
14.4525 2.46785706663e-34
14.4675 1.93035239457e-34
14.4825 1.50932862685e-34
14.4975 1.1796729865e-34
14.5125 9.21658591685e-35
14.5275 7.19795514777e-35
14.5425 5.61925603408e-35
14.5575 4.38509634041e-35
14.5725 3.42066157663e-35
14.5875 2.66729936027e-35
14.6025 2.07904622026e-35
14.6175 1.61989679617e-35
14.6325 1.26165761228e-35
14.6475 9.82260969017e-36
14.6625 7.64440844906e-36
14.6775 5.94693505267e-36
14.6925 4.62461931022e-36
14.7075 3.59496131111e-36
14.7225 2.79351613501e-36
14.7375 2.1699633827e-36
14.7525 1.68502817506e-36
14.7675 1.30807020845e-36
14.7825 1.01519677179e-36
14.7975 7.87786571012e-37
14.8125 6.1133554861e-37
14.8275 4.74555029307e-37
14.8425 3.6866757587e-37
14.8575 2.8685777402e-37
14.8725 2.23844471257e-37
14.8875 1.75548314987e-37
14.9025 1.38834199681e-37
14.9175 1.11312780037e-37
14.9325 9.11888058704e-38
14.9475 7.71468979849e-38
14.9625 6.82676830674e-38
14.9775 6.39690769605e-38
14.9925 6.39690618663e-38

